5721 27 [0.875, 7.875, 0.125, 0.125] [('4efb_amt05', 37)]
5772 4 [0.875, 7.75, 0.125, 0.125] [('4efb_amt00', 36)]
5806 27 [0.875, 7.875, 0.125, 0.125] [('4efb_amt05', 37)]
5834 27 [0.875, 7.875, 0.125, 0.125] [('4efb_amt05', 37)]
5849 4 [0.875, 7.75, 0.125, 0.125] [('4efb_amt00', 36)]
5900 27 [0.875, 7.875, 0.125, 0.125] [('4efb_amt05', 37)]
5915 27 [0.875, 7.875, 0.125, 0.125] [('4efb_amt05', 37)]
5966 27 [0.875, 7.875, 0.125, 0.125] [('4efb_amt05', 37)]
6032 4 [0.875, 7.875, 0.125, 0.125] [('4efb_amt00', 37)]
6066 4 [0.875, 7.875, 0.125, 0.125] [('4efb_amt00', 37)]
6100 27 [0.875, 7.875, 0.125, 0.125] [('4efb_amt05', 37)]
6151 4 [3.6000001430511475, 0.6000000238418579, 0.20000000298023224, 0.20000000298023224] [('4efb_amt07', 18)]
