5247 4 [0.75, 6.25, 0.125, 0.125] [('4efb_amt00', 24)]
5288 4 [0.625, 5.5, 0.125, 0.125] [('4efb_amt00', 18)]
5316 4 [0.5, 4.75, 0.125, 0.125] [('4efb_amt00', 12)]
5331 4 [0.375, 3.625, 0.125, 0.125] [('4efb_amt00', 3)]
5346 27 [0.375, 3.625, 0.125, 0.125] [('4efb_amt05', 3)]
5374 4 [0.375, 3.625, 0.125, 0.125] [('4efb_amt00', 3)]
5389 27 [0.375, 3.625, 0.125, 0.125] [('4efb_amt05', 3)]
5419 4 [0.375, 3.625, 0.125, 0.125] [('4efb_amt00', 3)]
5434 4 [0.5, 4.0, 0.125, 0.125] [('4efb_amt00', 6)]
5449 4 [0.800000011920929, 0.0, 0.20000000298023224, 0.20000000298023224] [('4efb_amt01', 2), ('4efb_amt07', 4)]
5479 4 [0.800000011920929, 0.800000011920929, 0.20000000298023224, 0.20000000298023224] [('4efb_amt01', 14)]
5494 27 [0.375, 3.375, 0.125, 0.125] [('4efb_amt05', 1)]
5509 4 [0.800000011920929, 0.800000011920929, 0.20000000298023224, 0.20000000298023224] [('4efb_amt01', 14)]
5524 4 [0.375, 3.625, 0.125, 0.125] [('4efb_amt00', 3)]
5539 4 [0.0, 0.0, 0.20000000298023224, 0.20000000298023224] [('4efb_amt01', 0), ('4efb_amt07', 0)]
5554 27 [0.375, 3.375, 0.125, 0.125] [('4efb_amt05', 1)]
5569 27 [0.375, 3.375, 0.125, 0.125] [('4efb_amt05', 1)]
5599 4 [0.6000000238418579, 0.6000000238418579, 0.20000000298023224, 0.20000000298023224] [('4efb_amt01', 9)]
5614 4 [0.800000011920929, 0.800000011920929, 0.20000000298023224, 0.20000000298023224] [('4efb_amt01', 14)]
5629 4 [0.6000000238418579, 0.800000011920929, 0.20000000298023224, 0.20000000298023224] [('4efb_amt01', 13)]
5657 4 [0.6000000238418579, 0.800000011920929, 0.20000000298023224, 0.20000000298023224] [('4efb_amt01', 13)]
5672 27 [0.375, 3.375, 0.125, 0.125] [('4efb_amt05', 1)]
5687 27 [0.375, 3.375, 0.125, 0.125] [('4efb_amt05', 1)]
5702 4 [0.375, 3.625, 0.125, 0.125] [('4efb_amt00', 3)]
5717 4 [0.800000011920929, 0.4000000059604645, 0.20000000298023224, 0.20000000298023224] [('4efb_amt01', 7)]
5732 27 [0.375, 3.375, 0.125, 0.125] [('4efb_amt05', 1)]
5747 4 [0.800000011920929, 0.0, 0.20000000298023224, 0.20000000298023224] [('4efb_amt01', 2), ('4efb_amt07', 4)]
5762 4 [0.0, 0.800000011920929, 0.20000000298023224, 0.20000000298023224] [('4efb_amt01', 10)]
5777 4 [0.800000011920929, 0.0, 0.20000000298023224, 0.20000000298023224] [('4efb_amt01', 2), ('4efb_amt07', 4)]
5792 4 [0.375, 3.375, 0.125, 0.125] [('4efb_amt00', 1)]
5807 4 [0.800000011920929, 0.4000000059604645, 0.20000000298023224, 0.20000000298023224] [('4efb_amt01', 7)]
5822 4 [0.375, 3.375, 0.125, 0.125] [('4efb_amt00', 1)]
5837 27 [0.375, 3.375, 0.125, 0.125] [('4efb_amt05', 1)]
5852 4 [0.375, 3.625, 0.125, 0.125] [('4efb_amt00', 3)]
5867 4 [0.800000011920929, 0.800000011920929, 0.20000000298023224, 0.20000000298023224] [('4efb_amt01', 14)]
5895 4 [0.20000000298023224, 0.800000011920929, 0.20000000298023224, 0.20000000298023224] [('4efb_amt01', 11)]
5910 4 [0.800000011920929, 0.0, 0.20000000298023224, 0.20000000298023224] [('4efb_amt01', 2), ('4efb_amt07', 4)]
5925 4 [0.375, 3.625, 0.125, 0.125] [('4efb_amt00', 3)]
5940 4 [0.0, 0.0, 0.20000000298023224, 0.20000000298023224] [('4efb_amt01', 0), ('4efb_amt07', 0)]
5970 27 [0.375, 3.625, 0.125, 0.125] [('4efb_amt05', 3)]
5985 4 [0.20000000298023224, 0.20000000298023224, 0.20000000298023224, 0.20000000298023224] [('4efb_amt01', 3)]
6000 4 [0.20000000298023224, 0.20000000298023224, 0.20000000298023224, 0.20000000298023224] [('4efb_amt01', 3)]
6015 4 [0.20000000298023224, 0.20000000298023224, 0.20000000298023224, 0.20000000298023224] [('4efb_amt01', 3)]
6043 4 [0.20000000298023224, 0.20000000298023224, 0.20000000298023224, 0.20000000298023224] [('4efb_amt01', 3)]
