5249 4 [0.875, 7.5, 0.125, 0.125] [('4efb_amt00', 34)]
5279 4 [0.75, 6.375, 0.125, 0.125] [('4efb_amt00', 25)]
5294 27 [0.75, 6.375, 0.125, 0.125] [('4efb_amt05', 25)]
5309 4 [0.75, 6.375, 0.125, 0.125] [('4efb_amt00', 25)]
5339 27 [0.75, 6.375, 0.125, 0.125] [('4efb_amt05', 25)]
5369 4 [0.75, 6.375, 0.125, 0.125] [('4efb_amt00', 25)]
5384 4 [2.200000047683716, 0.4000000059604645, 0.20000000298023224, 0.20000000298023224] [('4efb_amt07', 11)]
5399 4 [0.75, 6.75, 0.125, 0.125] [('4efb_amt00', 28)]
5414 4 [0.6000000238418579, 0.6000000238418579, 0.20000000298023224, 0.20000000298023224] [('4efb_amt01', 9)]
5444 27 [0.75, 6.125, 0.125, 0.125] [('4efb_amt05', 23)]
5459 4 [0.75, 6.375, 0.125, 0.125] [('4efb_amt00', 25)]
5474 4 [0.20000000298023224, 0.6000000238418579, 0.20000000298023224, 0.20000000298023224] [('4efb_amt01', 8)]
5489 4 [0.800000011920929, 0.0, 0.20000000298023224, 0.20000000298023224] [('4efb_amt01', 2), ('4efb_amt07', 4)]
5504 27 [0.75, 6.125, 0.125, 0.125] [('4efb_amt05', 23)]
5519 27 [0.75, 6.125, 0.125, 0.125] [('4efb_amt05', 23)]
5534 4 [4.400000095367432, 0.800000011920929, 0.20000000298023224, 0.20000000298023224] [('4efb_amt07', 22)]
5549 4 [0.625, 5.875, 0.125, 0.125] [('4efb_amt00', 21)]
5577 4 [0.0, 0.4000000059604645, 0.20000000298023224, 0.20000000298023224] [('4efb_amt01', 5)]
5592 4 [0.625, 5.875, 0.125, 0.125] [('4efb_amt00', 21)]
5607 4 [0.20000000298023224, 0.20000000298023224, 0.20000000298023224, 0.20000000298023224] [('4efb_amt01', 3)]
5622 4 [0.0, 0.800000011920929, 0.20000000298023224, 0.20000000298023224] [('4efb_amt01', 10)]
5637 27 [0.75, 6.125, 0.125, 0.125] [('4efb_amt05', 23)]
5652 4 [0.75, 6.375, 0.125, 0.125] [('4efb_amt00', 25)]
5667 27 [0.75, 6.125, 0.125, 0.125] [('4efb_amt05', 23)]
5682 27 [0.75, 6.125, 0.125, 0.125] [('4efb_amt05', 23)]
5697 4 [1.399999976158142, 0.20000000298023224, 0.20000000298023224, 0.20000000298023224] [('4efb_amt07', 7)]
5712 4 [0.75, 6.125, 0.125, 0.125] [('4efb_amt00', 23)]
5727 4 [0.75, 6.375, 0.125, 0.125] [('4efb_amt00', 25)]
5742 4 [0.800000011920929, 0.4000000059604645, 0.20000000298023224, 0.20000000298023224] [('4efb_amt01', 7)]
5770 4 [0.75, 6.125, 0.125, 0.125] [('4efb_amt00', 23)]
5785 27 [0.75, 6.125, 0.125, 0.125] [('4efb_amt05', 23)]
5813 4 [3.6000001430511475, 0.6000000238418579, 0.20000000298023224, 0.20000000298023224] [('4efb_amt07', 18)]
5828 4 [0.4000000059604645, 0.0, 0.20000000298023224, 0.20000000298023224] [('4efb_amt01', 1), ('4efb_amt07', 2)]
5843 4 [0.6000000238418579, 0.800000011920929, 0.20000000298023224, 0.20000000298023224] [('4efb_amt01', 13)]
5858 4 [0.6000000238418579, 0.20000000298023224, 0.20000000298023224, 0.20000000298023224] [('4efb_amt01', 4)]
5873 4 [0.75, 6.375, 0.125, 0.125] [('4efb_amt00', 25)]
5888 4 [2.799999952316284, 0.4000000059604645, 0.20000000298023224, 0.20000000298023224] [('4efb_amt07', 14)]
5903 4 [0.6000000238418579, 0.0, 0.20000000298023224, 0.20000000298023224] [('4efb_amt07', 3)]
5933 27 [0.75, 6.375, 0.125, 0.125] [('4efb_amt05', 25)]
5948 4 [0.20000000298023224, 0.800000011920929, 0.20000000298023224, 0.20000000298023224] [('4efb_amt01', 11)]
