5269 4 [0.875, 7.625, 0.125, 0.125] [('4efb_amt00', 35)]
5297 4 [0.75, 6.875, 0.125, 0.125] [('4efb_amt00', 29)]
5338 4 [0.75, 6.125, 0.125, 0.125] [('4efb_amt00', 23)]
5368 4 [0.625, 5.0, 0.125, 0.125] [('4efb_amt00', 14)]
5383 27 [0.625, 5.0, 0.125, 0.125] [('4efb_amt05', 14)]
5398 4 [0.6000000238418579, 0.20000000298023224, 0.20000000298023224, 0.20000000298023224] [('4efb_amt01', 4)]
5413 4 [0.625, 5.0, 0.125, 0.125] [('4efb_amt00', 14)]
5428 27 [0.625, 5.0, 0.125, 0.125] [('4efb_amt05', 14)]
5471 4 [0.625, 5.0, 0.125, 0.125] [('4efb_amt00', 14)]
5486 4 [0.0, 0.0, 0.20000000298023224, 0.20000000298023224] [('4efb_amt01', 0), ('4efb_amt07', 0)]
5501 4 [0.625, 5.375, 0.125, 0.125] [('4efb_amt00', 17)]
5516 27 [0.5, 4.75, 0.125, 0.125] [('4efb_amt05', 12)]
5531 4 [0.6000000238418579, 0.6000000238418579, 0.20000000298023224, 0.20000000298023224] [('4efb_amt01', 9)]
5546 4 [0.625, 5.0, 0.125, 0.125] [('4efb_amt00', 14)]
5576 27 [0.5, 4.75, 0.125, 0.125] [('4efb_amt05', 12)]
5591 27 [0.5, 4.75, 0.125, 0.125] [('4efb_amt05', 12)]
5606 4 [0.800000011920929, 0.0, 0.20000000298023224, 0.20000000298023224] [('4efb_amt01', 2), ('4efb_amt07', 4)]
5621 4 [2.200000047683716, 0.4000000059604645, 0.20000000298023224, 0.20000000298023224] [('4efb_amt07', 11)]
5636 4 [0.5, 4.5, 0.125, 0.125] [('4efb_amt00', 10)]
5664 4 [0.800000011920929, 0.800000011920929, 0.20000000298023224, 0.20000000298023224] [('4efb_amt01', 14)]
5679 4 [0.5, 4.5, 0.125, 0.125] [('4efb_amt00', 10)]
5694 4 [0.800000011920929, 0.800000011920929, 0.20000000298023224, 0.20000000298023224] [('4efb_amt01', 14)]
5709 4 [0.800000011920929, 0.800000011920929, 0.20000000298023224, 0.20000000298023224] [('4efb_amt01', 14)]
5724 4 [0.4000000059604645, 0.4000000059604645, 0.20000000298023224, 0.20000000298023224] [('4efb_amt01', 6)]
5739 4 [0.0, 0.4000000059604645, 0.20000000298023224, 0.20000000298023224] [('4efb_amt01', 5)]
5754 27 [0.5, 4.75, 0.125, 0.125] [('4efb_amt05', 12)]
5769 27 [0.5, 4.75, 0.125, 0.125] [('4efb_amt05', 12)]
5784 4 [0.625, 5.0, 0.125, 0.125] [('4efb_amt00', 14)]
5799 4 [0.800000011920929, 0.800000011920929, 0.20000000298023224, 0.20000000298023224] [('4efb_amt01', 14)]
5814 27 [0.5, 4.75, 0.125, 0.125] [('4efb_amt05', 12)]
5842 4 [0.0, 0.800000011920929, 0.20000000298023224, 0.20000000298023224] [('4efb_amt01', 10)]
5857 4 [0.5, 4.75, 0.125, 0.125] [('4efb_amt00', 12)]
5872 4 [0.625, 5.0, 0.125, 0.125] [('4efb_amt00', 14)]
5887 4 [0.5, 4.75, 0.125, 0.125] [('4efb_amt00', 12)]
5902 27 [0.5, 4.75, 0.125, 0.125] [('4efb_amt05', 12)]
5930 4 [0.0, 0.0, 0.20000000298023224, 0.20000000298023224] [('4efb_amt01', 0), ('4efb_amt07', 0)]
5945 4 [1.399999976158142, 0.20000000298023224, 0.20000000298023224, 0.20000000298023224] [('4efb_amt07', 7)]
5960 4 [0.625, 5.0, 0.125, 0.125] [('4efb_amt00', 14)]
5975 4 [0.20000000298023224, 0.20000000298023224, 0.20000000298023224, 0.20000000298023224] [('4efb_amt01', 3)]
5990 4 [0.6000000238418579, 0.0, 0.20000000298023224, 0.20000000298023224] [('4efb_amt07', 3)]
6020 4 [0.20000000298023224, 0.6000000238418579, 0.20000000298023224, 0.20000000298023224] [('4efb_amt01', 8)]
6035 27 [0.625, 5.0, 0.125, 0.125] [('4efb_amt05', 14)]
6050 4 [0.20000000298023224, 0.800000011920929, 0.20000000298023224, 0.20000000298023224] [('4efb_amt01', 11)]
6065 4 [0.6000000238418579, 0.800000011920929, 0.20000000298023224, 0.20000000298023224] [('4efb_amt01', 13)]
6080 4 [0.6000000238418579, 0.800000011920929, 0.20000000298023224, 0.20000000298023224] [('4efb_amt01', 13)]
6095 4 [0.6000000238418579, 0.800000011920929, 0.20000000298023224, 0.20000000298023224] [('4efb_amt01', 13)]
6125 4 [0.6000000238418579, 0.800000011920929, 0.20000000298023224, 0.20000000298023224] [('4efb_amt01', 13)]
