5144 4 [0.5, 4.75, 0.125, 0.125] [('4efb_amt00', 12)]
5185 4 [0.5, 4.0, 0.125, 0.125] [('4efb_amt00', 6)]
5213 4 [0.6000000238418579, 0.20000000298023224, 0.20000000298023224, 0.20000000298023224] [('4efb_amt01', 4)]
5228 4 [0.4000000059604645, 0.800000011920929, 0.20000000298023224, 0.20000000298023224] [('4efb_amt01', 12)]
5243 4 [0.4000000059604645, 0.4000000059604645, 0.20000000298023224, 0.20000000298023224] [('4efb_amt01', 6)]
5258 4 [0.375, 3.25, 0.125, 0.125] [('4efb_amt00', 0)]
5273 4 [0.800000011920929, 0.800000011920929, 0.20000000298023224, 0.20000000298023224] [('4efb_amt01', 14)]
5288 4 [0.4000000059604645, 0.800000011920929, 0.20000000298023224, 0.20000000298023224] [('4efb_amt01', 12)]
5303 4 [0.0, 0.0, 0.20000000298023224, 0.20000000298023224] [('4efb_amt01', 0), ('4efb_amt07', 0)]
5318 4 [0.800000011920929, 0.800000011920929, 0.20000000298023224, 0.20000000298023224] [('4efb_amt01', 14)]
5333 4 [0.800000011920929, 0.0, 0.20000000298023224, 0.20000000298023224] [('4efb_amt01', 2), ('4efb_amt07', 4)]
5348 4 [0.20000000298023224, 0.20000000298023224, 0.20000000298023224, 0.20000000298023224] [('4efb_amt01', 3)]
5363 4 [0.4000000059604645, 0.4000000059604645, 0.20000000298023224, 0.20000000298023224] [('4efb_amt01', 6)]
5378 4 [0.0, 0.0, 0.20000000298023224, 0.20000000298023224] [('4efb_amt01', 0), ('4efb_amt07', 0)]
5393 4 [0.0, 0.800000011920929, 0.20000000298023224, 0.20000000298023224] [('4efb_amt01', 10)]
5408 4 [0.20000000298023224, 0.6000000238418579, 0.20000000298023224, 0.20000000298023224] [('4efb_amt01', 8)]
