5302 4 [0.75, 6.875, 0.125, 0.125] [('4efb_amt00', 29)]
5343 4 [0.75, 6.125, 0.125, 0.125] [('4efb_amt00', 23)]
5371 4 [0.625, 5.375, 0.125, 0.125] [('4efb_amt00', 17)]
5399 4 [0.5, 4.25, 0.125, 0.125] [('4efb_amt00', 8)]
5414 27 [0.5, 4.25, 0.125, 0.125] [('4efb_amt05', 8)]
5429 4 [0.5, 4.25, 0.125, 0.125] [('4efb_amt00', 8)]
5444 27 [0.5, 4.25, 0.125, 0.125] [('4efb_amt05', 8)]
5459 4 [0.5, 4.25, 0.125, 0.125] [('4efb_amt00', 8)]
5502 4 [0.800000011920929, 0.0, 0.20000000298023224, 0.20000000298023224] [('4efb_amt01', 2), ('4efb_amt07', 4)]
5517 4 [0.5, 4.625, 0.125, 0.125] [('4efb_amt00', 11)]
5532 27 [0.5, 4.0, 0.125, 0.125] [('4efb_amt05', 6)]
5547 4 [0.800000011920929, 0.800000011920929, 0.20000000298023224, 0.20000000298023224] [('4efb_amt01', 14)]
5562 4 [0.5, 4.25, 0.125, 0.125] [('4efb_amt00', 8)]
5592 27 [0.5, 4.0, 0.125, 0.125] [('4efb_amt05', 6)]
5607 27 [0.5, 4.0, 0.125, 0.125] [('4efb_amt05', 6)]
5622 4 [0.800000011920929, 0.0, 0.20000000298023224, 0.20000000298023224] [('4efb_amt01', 2), ('4efb_amt07', 4)]
5637 4 [0.375, 3.75, 0.125, 0.125] [('4efb_amt00', 4)]
5652 4 [0.375, 3.75, 0.125, 0.125] [('4efb_amt00', 4)]
5667 4 [0.6000000238418579, 0.800000011920929, 0.20000000298023224, 0.20000000298023224] [('4efb_amt01', 13)]
5682 4 [0.800000011920929, 0.800000011920929, 0.20000000298023224, 0.20000000298023224] [('4efb_amt01', 14)]
5697 4 [0.800000011920929, 0.800000011920929, 0.20000000298023224, 0.20000000298023224] [('4efb_amt01', 14)]
5712 4 [0.6000000238418579, 0.20000000298023224, 0.20000000298023224, 0.20000000298023224] [('4efb_amt01', 4)]
5727 27 [0.5, 4.0, 0.125, 0.125] [('4efb_amt05', 6)]
5742 27 [0.5, 4.0, 0.125, 0.125] [('4efb_amt05', 6)]
5757 4 [0.5, 4.25, 0.125, 0.125] [('4efb_amt00', 8)]
5772 4 [0.20000000298023224, 0.800000011920929, 0.20000000298023224, 0.20000000298023224] [('4efb_amt01', 11)]
5800 27 [0.5, 4.0, 0.125, 0.125] [('4efb_amt05', 6)]
5815 4 [0.800000011920929, 0.4000000059604645, 0.20000000298023224, 0.20000000298023224] [('4efb_amt01', 7)]
5830 4 [0.20000000298023224, 0.800000011920929, 0.20000000298023224, 0.20000000298023224] [('4efb_amt01', 11)]
5845 4 [0.4000000059604645, 0.0, 0.20000000298023224, 0.20000000298023224] [('4efb_amt01', 1), ('4efb_amt07', 2)]
5860 4 [0.5, 4.0, 0.125, 0.125] [('4efb_amt00', 6)]
5875 4 [0.0, 0.0, 0.20000000298023224, 0.20000000298023224] [('4efb_amt01', 0), ('4efb_amt07', 0)]
5890 4 [0.5, 4.0, 0.125, 0.125] [('4efb_amt00', 6)]
5905 4 [0.5, 4.25, 0.125, 0.125] [('4efb_amt00', 8)]
5920 27 [0.5, 4.0, 0.125, 0.125] [('4efb_amt05', 6)]
5935 4 [0.20000000298023224, 0.0, 0.20000000298023224, 0.20000000298023224] [('4efb_amt07', 1)]
5963 4 [0.800000011920929, 0.800000011920929, 0.20000000298023224, 0.20000000298023224] [('4efb_amt01', 14)]
5978 4 [0.5, 4.25, 0.125, 0.125] [('4efb_amt00', 8)]
6008 4 [0.0, 0.4000000059604645, 0.20000000298023224, 0.20000000298023224] [('4efb_amt01', 5)]
6023 4 [0.800000011920929, 0.4000000059604645, 0.20000000298023224, 0.20000000298023224] [('4efb_amt01', 7)]
6038 4 [0.800000011920929, 0.4000000059604645, 0.20000000298023224, 0.20000000298023224] [('4efb_amt01', 7)]
6053 27 [0.5, 4.25, 0.125, 0.125] [('4efb_amt05', 8)]
6068 4 [0.800000011920929, 0.4000000059604645, 0.20000000298023224, 0.20000000298023224] [('4efb_amt01', 7)]
6098 4 [0.20000000298023224, 0.6000000238418579, 0.20000000298023224, 0.20000000298023224] [('4efb_amt01', 8)]
6113 4 [0.20000000298023224, 0.6000000238418579, 0.20000000298023224, 0.20000000298023224] [('4efb_amt01', 8)]
6128 4 [0.20000000298023224, 0.6000000238418579, 0.20000000298023224, 0.20000000298023224] [('4efb_amt01', 8)]
6156 4 [0.20000000298023224, 0.6000000238418579, 0.20000000298023224, 0.20000000298023224] [('4efb_amt01', 8)]
